date
1304200800000
1304805600000
1305410400000
1306015200000
1306879200000
1307484000000
1308088800000
1308693600000
1309471200000
1310076000000
1310680800000
1311285600000
1312149600000
1312754400000
1313359200000
1313964000000
1314828000000
1315432800000
1316037600000
1316642400000
1317420000000
1318024800000
1318629600000
1319234400000
1320102000000
1320706800000
1321311600000
1321916400000
1322694000000
1323298800000
1323903600000
1324508400000
1325372400000
1325977200000
1326582000000
1327186800000
1328050800000
1328655600000
1329260400000
